1	11	137560	Int8[22, 10, 1, 2, 2, 13]
1	8	137583	Int8[22, 10, 1, 2, 2, 10, 1, 2, 2, 2, 13]
1	11	141484	Int8[22, 10, 1, 2, 2, 9]
1	8	141607	Int8[22, 10, 1, 2, 2, 5, 1, 2, 2, 2, 13]
1	11	145508	Int8[22, 10, 1, 2, 2, 4]
1	8	148199	Int8[22, 10, 1, 1, 7, 2, 10, 1, 2, 2, 2, 13]
1	11	152100	Int8[22, 10, 1, 1, 7, 2, 9]
1	8	152223	Int8[22, 10, 1, 1, 7, 2, 5, 1, 2, 2, 2, 13]
1	11	156124	Int8[22, 10, 1, 1, 7, 2, 4]
1	8	443740	Int8[22, 7, 1, 1, 7, 2, 10, 1, 2, 2, 2, 13]
1	11	447641	Int8[22, 7, 1, 1, 7, 2, 9]
1	8	447764	Int8[22, 7, 1, 1, 7, 2, 5, 1, 2, 2, 2, 13]
1	11	451665	Int8[22, 7, 1, 1, 7, 2, 4]
1	8	974666	Int8[22, 5, 2, 4, 2, 1, 1, 9, 1, 2, 2, 2, 13]
1	11	1263463	Int8[22, 5, 2, 3]
1	8	1296184	Int8[22, 5, 2, 3, 3, 3, 1, 9, 1, 2, 2, 2, 13]
1	11	1575377	Int8[22, 5, 2, 3, 1, 11, 2, 1, 9, 2, 4, 13]
1	8	1654538	Int8[22, 5, 2, 3, 1, 11, 1, 1, 1, 9, 1, 2, 2, 2, 13]
1	11	1746809	Int8[22, 5, 2, 3, 1, 9, 2, 4, 13]
1	8	1894515	Int8[22, 5, 2, 3, 1, 8, 1, 1, 9, 1, 2, 2, 2, 13]
1	11	1910778	Int8[22, 5, 2, 3, 1, 7, 5, 14]
1	8	1921346	Int8[22, 5, 2, 3, 1, 5, 2, 3, 3, 2, 1, 1, 2, 13]
1	11	2230206	Int8[22, 5, 2, 3, 1, 3, 4, 15]
1	8	2302624	Int8[22, 5, 2, 3, 1, 3, 4, 12, 1, 2, 10, 1, 2, 2, 2, 13]
1	11	2304315	Int8[22, 5, 2, 3, 1, 3, 4, 12, 1, 2, 9]
1	8	2304896	Int8[22, 5, 2, 3, 1, 3, 4, 12, 1, 2, 5, 1, 2, 2, 2, 13]
1	11	2306587	Int8[22, 5, 2, 3, 1, 3, 4, 12, 1, 2, 4]
1	8	2310924	Int8[22, 5, 2, 3, 1, 3, 4, 11, 2, 1, 2, 2, 2, 13]
1	11	2338245	Int8[22, 5, 2, 3, 1, 3, 4, 10]
1	8	2375314	Int8[22, 5, 2, 3, 1, 3, 4, 9, 5, 10, 1, 2, 2, 2, 13]
1	11	2380257	Int8[22, 5, 2, 3, 1, 3, 4, 9, 5, 9]
1	8	2382838	Int8[22, 5, 2, 3, 1, 3, 4, 9, 5, 5, 1, 2, 2, 2, 13]
1	11	2387781	Int8[22, 5, 2, 3, 1, 3, 4, 9, 5, 4]
1	8	2470309	Int8[22, 5, 2, 3, 1, 3, 4, 8, 10, 1, 2, 2, 2, 13]
1	11	2475252	Int8[22, 5, 2, 3, 1, 3, 4, 8, 9]
1	8	2477833	Int8[22, 5, 2, 3, 1, 3, 4, 8, 5, 1, 2, 2, 2, 13]
1	11	2482776	Int8[22, 5, 2, 3, 1, 3, 4, 8, 4]
1	8	2488960	Int8[22, 5, 2, 3, 1, 3, 4, 5, 2, 3, 3, 2, 1, 2, 13]
1	11	2517078	Int8[22, 5, 2, 3, 1, 3, 4, 4]
1	8	2518644	Int8[22, 5, 2, 3, 1, 3, 4, 4, 2, 6, 10, 1, 2, 2, 2, 13]
1	11	2520335	Int8[22, 5, 2, 3, 1, 3, 4, 4, 2, 6, 9]
1	8	2520916	Int8[22, 5, 2, 3, 1, 3, 4, 4, 2, 6, 5, 1, 2, 2, 2, 13]
1	11	2522607	Int8[22, 5, 2, 3, 1, 3, 4, 4, 2, 6, 4]
